Mirian Castilla 
      Semestre   Puntos   Total/Cr   Indice   Condicional
2020      1        64        60       1.07         0
2020      2        58        68       0.85         1
2021      1        98        66       1.48         0
2021      2       121        86       1.41         0
2022      1       111       110       1.01         0
2022      2       112       114       0.98         1
2023      1       201       139       1.45         0
2023      2       181       132       1.37         0
2024      1       197       130       1.52         0
2024      2        58        61       0.95         1
2025      1       156       132       1.18         0
2025      2        57        43       1.33         0
2026      1       113        97       1.16         0
2026      2        24        11       2.18         0
2027      1       186       155       1.20         0
2027      2       178       122       1.46         0
2028      1        57        47       1.21         0
2028      2        70        54       1.30         0
2029      1        13        22       0.59         1
2029      2        88        73       1.21         0
2030      1       108        91       1.19         0
2030      2        30        16       1.88         0
2031      1       103       128       0.80         1

Humberto Montiel 
      Semestre   Puntos   Total/Cr   Indice   Condicional
2020      1       112        83       1.35         0
2020      2        29        20       1.45         0
2021      1       146       109       1.34         0
2021      2       132       126       1.05         0
2022      1        15        13       1.15         0
2022      2        68        41       1.66         0
2023      1       120       113       1.06         0
2023      2        21        15       1.40         0
2024      1        34        30       1.13         0
2024      2       104       117       0.89         1
2025      1       176       134       1.31         0
2025      2        80        43       1.86         0
2026      1        50        30       1.67         0
2026      2       131       128       1.02         0
2027      1       168       146       1.15         0
2027      2        60        29       2.07         0
2028      1        10         5       2.00         0
2028      2       162       133       1.22         0
2029      1       208       137       1.52         0
2029      2       179       147       1.22         0
2030      1        29        27       1.07         0
2030      2       138       138       1.00         0
2031      1        58        32       1.81         0

Noemi Casanova 
      Semestre   Puntos   Total/Cr   Indice   Condicional
2020      1        33        25       1.32         0
2020      2        69        77       0.90         1
2021      1        33        18       1.83         0
2021      2       198       147       1.35         0
2022      1       110        62       1.77         0
2022      2        98       125       0.78         1
2023      1       141        84       1.68         0
2023      2        60        72       0.83         1
2024      1        78        72       1.08         0
2024      2       105        92       1.14         0
2025      1        22        18       1.22         0
2025      2       121       116       1.04         0
2026      1        93        64       1.45         0
2026      2         0         5       0.00         1
2027      1        60        60       1.00         0
2027      2        91        66       1.38         0
2028      1        46        48       0.96         1
2028      2       171       140       1.22         0
2029      1        55        51       1.08         0
2029      2        42        35       1.20         0
2030      1        36        46       0.78         1
2030      2        27        25       1.08         0
2031      1        46        37       1.24         0

Roberto Suares 
      Semestre   Puntos   Total/Cr   Indice   Condicional
2020      1       124       121       1.02         0
2020      2       230       145       1.59         0
2021      1        80        60       1.33         0
2021      2       124       125       0.99         1
2022      1       135       116       1.16         0
2022      2       116        94       1.23         0
2023      1       157       122       1.29         0
2023      2       190       129       1.47         0
2024      1        37        25       1.48         0
2024      2        71        52       1.37         0
2025      1         0         4       0.00         1
2025      2        53        50       1.06         0
2026      1        69        33       2.09         0
2026      2        56        38       1.47         0
2027      1        81        95       0.85         1
2027      2       160       137       1.17         0
2028      1        77        49       1.57         0
2028      2        94        71       1.32         0
2029      1       164       115       1.43         0
2029      2       163       111       1.47         0
2030      1        78        88       0.89         1
2030      2         9        33       0.27         2
2031      1       152       136       1.12         0

Mihai Da-Silva 
      Semestre   Puntos   Total/Cr   Indice   Condicional
2020      1       185       132       1.40         0
2020      2       167       154       1.08         0
2021      1         3         3       1.00         0
2021      2       173       107       1.62         0
2022      1       121       118       1.03         0
2022      2        62        48       1.29         0
2023      1        18        12       1.50         0
2023      2       139       132       1.05         0
2024      1       116       107       1.08         0
2024      2        88        72       1.22         0
2025      1        18        11       1.64         0
2025      2        21        25       0.84         1
2026      1        62        36       1.72         0
2026      2        28        18       1.56         0
2027      1       150       119       1.26         0
2027      2       183       154       1.19         0
2028      1       145       112       1.29         0
2028      2       146       121       1.21         0
2029      1        21        11       1.91         0
2029      2        55        62       0.89         1
2030      1       143       108       1.32         0
2030      2       219       140       1.56         0
2031      1        83        59       1.41         0

Joaquin de La Cruz 
      Semestre   Puntos   Total/Cr   Indice   Condicional
2020      1       148       100       1.48         0
2020      2        60        48       1.25         0
2021      1       119        80       1.49         0
2021      2        39        34       1.15         0
2022      1        67        53       1.26         0
2022      2       105        93       1.13         0
2023      1       130       124       1.05         0
2023      2       127       118       1.08         0
2024      1        66        46       1.43         0
2024      2         4         6       0.67         1
2025      1       102       100       1.02         0
2025      2        71        41       1.73         0
2026      1       104        87       1.20         0
2026      2         8        11       0.73         1
2027      1        92       108       0.85         2
2027      2       135       103       1.31         0
2028      1       182       145       1.26         0
2028      2        10        15       0.67         1
2029      1       170        95       1.79         0
2029      2        90        53       1.70         0
2030      1       173       131       1.32         0
2030      2        59        65       0.91         1
2031      1        41        29       1.41         0

Marcela Elvira 
      Semestre   Puntos   Total/Cr   Indice   Condicional
2020      1        43        54       0.80         1
2020      2       135       103       1.31         0
2021      1       145       104       1.39         0
2021      2        34        35       0.97         1
2022      1       178       146       1.22         0
2022      2       150       126       1.19         0
2023      1        24        43       0.56         1
2023      2        22        21       1.05         0
2024      1        66        73       0.90         1
2024      2       173       148       1.17         0
2025      1        81        89       0.91         1
2025      2       132       115       1.15         0
2026      1        83        87       0.95         1
2026      2         0         4       0.00         2
2027      1       164       121       1.36         0
2027      2        85        83       1.02         0
2028      1        43        72       0.60         1
2028      2        45        29       1.55         0
2029      1        32        50       0.64         1
2029      2        77        65       1.18         0
2030      1        13        16       0.81         1
2030      2       188       146       1.29         0
2031      1       127       113       1.12         0

Filomena Arnau 
      Semestre   Puntos   Total/Cr   Indice   Condicional
2020      1       160       150       1.07         0
2020      2        57        54       1.06         0
2021      1        65        44       1.48         0
2021      2        95        55       1.73         0
2022      1        62        43       1.44         0
2022      2       179       134       1.34         0
2023      1       161       153       1.05         0
2023      2       170       126       1.35         0
2024      1       179       151       1.19         0
2024      2       182       130       1.40         0
2025      1        68        63       1.08         0
2025      2       139       112       1.24         0
2026      1       180       146       1.23         0
2026      2       119       113       1.05         0
2027      1       151       126       1.20         0
2027      2       153        97       1.58         0
2028      1       139       101       1.38         0
2028      2       177       130       1.36         0
2029      1        18        20       0.90         1
2029      2        79        81       0.98         2
2030      1        68        49       1.39         0
2030      2        46        61       0.75         1
2031      1       162       104       1.56         0

Concepcion Marin 
      Semestre   Puntos   Total/Cr   Indice   Condicional
2020      1        66        52       1.27         0
2020      2       118       116       1.02         0
2021      1        53        45       1.18         0
2021      2        73        92       0.79         1
2022      1        27        18       1.50         0
2022      2       150       123       1.22         0
2023      1       178       100       1.78         0
2023      2        61        48       1.27         0
2024      1        49        55       0.89         1
2024      2        16        15       1.07         0
2025      1        96        65       1.48         0
2025      2        83        65       1.28         0
2026      1        53        45       1.18         0
2026      2       149       116       1.28         0
2027      1       177       134       1.32         0
2027      2        32        30       1.07         0
2028      1       174       104       1.67         0
2028      2       148       128       1.16         0
2029      1       164       112       1.46         0
2029      2        93        64       1.45         0
2030      1         0         4       0.00         1
2030      2        32        35       0.91         2
2031      1        96        96       1.00         0

Montse Redondo 
      Semestre   Puntos   Total/Cr   Indice   Condicional
2020      1       120       113       1.06         0
2020      2        43        49       0.88         1
2021      1        37        34       1.09         0
2021      2       159       147       1.08         0
2022      1        56        67       0.84         1
2022      2        53        58       0.91         2
2023      1        15        10       1.50         0
2023      2        36        24       1.50         0
2024      1        70        73       0.96         1
2024      2        65        67       0.97         2
2025      1        24        23       1.04         0
2025      2        38        32       1.19         0
2026      1       109        87       1.25         0
2026      2       115        70       1.64         0
2027      1        73        53       1.38         0
2027      2        24        13       1.85         0
2028      1        73        59       1.24         0
2028      2        74        57       1.30         0
2029      1        32        19       1.68         0
2029      2        75        95       0.79         1
2030      1        40        52       0.77         2
2030      2        89        70       1.27         0
2031      1        81       112       0.72         1

Dolores Guirado 
      Semestre   Puntos   Total/Cr   Indice   Condicional
2020      1       144        83       1.73         0
2020      2        31        17       1.82         0
2021      1       135       109       1.24         0
2021      2        43        23       1.87         0
2022      1        18        21       0.86         1
2022      2        56        50       1.12         0
2023      1       168       125       1.34         0
2023      2        23        15       1.53         0
2024      1       145       152       0.95         1
2024      2        32        22       1.45         0
2025      1        42        56       0.75         1
2025      2       163       113       1.44         0
2026      1       137        80       1.71         0
2026      2       132       126       1.05         0
2027      1        85        61       1.39         0
2027      2        70        63       1.11         0
2028      1       142        96       1.48         0
2028      2       131        89       1.47         0
2029      1       157       110       1.43         0
2029      2         0        11       0.00         1
2030      1        50        44       1.14         0
2030      2       172       134       1.28         0
2031      1       177       135       1.31         0

Adelina Pavon 
      Semestre   Puntos   Total/Cr   Indice   Condicional
2020      1       194       135       1.44         0
2020      2        27        19       1.42         0
2021      1        46        60       0.77         1
2021      2        40        46       0.87         2
2022      1        86        74       1.16         0
2022      2       107        74       1.45         0
2023      1        98        94       1.04         0
2023      2         0         4       0.00         1
2024      1         9         6       1.50         0
2024      2       180       148       1.22         0
2025      1       106        87       1.22         0
2025      2        98       127       0.77         1
2026      1        46        41       1.12         0
2026      2        53        36       1.47         0
2027      1        56        35       1.60         0
2027      2         9        15       0.60         1
2028      1        71        49       1.45         0
2028      2       125        96       1.30         0
2029      1         7        13       0.54         1
2029      2        68        44       1.55         0
2030      1       121       132       0.92         1
2030      2        62        63       0.98         2
2031      1       118        69       1.71         0
